%% Properties
m = 0.99285;
l = 0.24;
Iz = 0.019;
Ix = 0.04439;
Iy = 0.04439;
b = 3.59*10^-5;
d = 2.0810*10^-6;
J = 0.045;
Ax = 0.8;
Ay = 0.8;
Az = 0.4;
g = 9.81;
speed=500000000;